88542069: 88 133 355 4 70 
18479401846: 577 48 1 160 20 923 2 
5913: 95 47 811 562 77 
1796326: 1 701 6 427 362 
27248639573: 918 306 5 81 970 
1155255891: 299 23 517 9 398 
376195091: 7 76 1 707 8 3 265 45 1 
2376899: 2 5 97 44 900 
55842419: 1 203 5 232 1 2 5 6 5 
771348695: 7 887 4 5 1 489 9 2 
716327841: 223 42 3 5 33 6 3 3 3 5 5 
16133: 3 5 843 31 259 
32460: 270 53 74 4 81 
865177732: 96 3 9 14 67 5 8 4 6 2 6 3 
64191161: 836 43 33 1 73 
229618560: 431 75 59 6 9 24 590 
194143: 925 557 131 
488757: 244 20 7 50 5 
6267696: 6 97 44 760 9 9 
7478801: 37 7 36 551 5 626 
429: 1 71 36 4 
210821591147: 68 9 131 366 2 941 79 
28009: 6 97 3 4 5 7 
271028246: 54 519 71 983 10 7 7 
25206: 3 9 93 9 87 
342354: 126 9 6 23 2 92 1 1 1 3 
7241601587: 368 41 13 177 5 90 
129243383: 7 3 2 4 2 67 2 8 4 533 3 8 
357115: 534 95 140 146 7 
1278639350964: 4 7 5 7 6 710 389 92 4 9 
1999479: 4 671 94 26 81 
30385619972: 288 15 85 61 997 2 
490164217: 6 127 8 34 7 68 2 39 9 
8686: 75 508 270 9 6 4 
259071398691: 43 8 8 5 71 3 98 683 8 
9853: 7 898 9 71 1 
309530: 97 27 1 476 30 
15483: 83 7 1 86 2 
3242385708: 8 105 8 1 62 4 8 3 6 8 7 
5693516: 5 692 6 83 833 
42144296: 421 44 18 7 97 15 
50205462: 5 2 94 763 5 7 6 
74003300: 1 1 34 69 2 10 2 72 45 9 
10532505360: 4 5 84 6 362 93 58 8 1 3 
1481959: 5 9 8 1 873 4 80 
26004636: 966 11 54 87 1 6 252 
128705: 2 9 6 6 58 202 1 9 36 5 
328819545: 7 8 74 9 4 4 7 7 29 5 9 6 
6197401308: 37 555 5 165 36 4 946 
1034939: 921 8 6 533 705 
1614816868: 168 96 20 16 865 
431199726: 6 9 8 3 55 45 82 78 8 4 9 
84348935: 305 3 97 91 3 12 5 
67617038: 92 5 6 6 60 4 170 38 3 
3787281: 15 6 475 6 686 38 557 
164010: 584 3 492 152 
187416: 2 16 7 4 2 411 2 
11254793: 9 5 677 85 86 758 9 
3478627: 8 1 35 1 7 956 69 6 2 2 
20376955: 57 1 471 759 83 
90632: 6 598 2 15 4 
1542524: 4 3 45 9 5 93 484 6 62 
799624751: 7 792 624 74 9 
93334395: 93 3 34 351 41 
59103851: 738 27 43 11 917 53 8 
2735073067: 706 737 6 645 877 
689930489: 76 8 7 1 6 2 35 4 1 8 89 
32055467: 1 505 7 9 8 169 4 52 7 5 
7355290: 7 9 931 50 341 
22264: 215 6 81 77 6 
167449492: 8 91 23 941 1 79 
805817185: 416 24 578 31 1 59 23 
1694525770: 4 1 748 95 1 9 2 29 8 6 2 
30079103: 363 98 8 986 64 
544244844: 5 17 748 214 1 4 43 
657444299: 40 3 938 163 99 
876: 8 6 1 8 6 
31468537: 5 8 5 5 6 6 7 17 11 7 841 
107684254: 197 820 78 51 544 
561595: 618 35 86 9 5 
351895936: 17 5 62 46 365 8 7 8 2 
342313964: 59 736 5 3 6 3 2 6 239 2 
729849: 8 9 935 4 498 
11517: 238 2 3 16 
223887: 554 27 815 8 5 260 2 
61632673: 616 16 7 8 82 69 70 3 
164475: 2 75 63 69 21 
975555: 95 7 6 441 665 
866033: 865 167 56 812 
19449359: 51 68 9 454 40 
340122101: 1 8 7 7 535 7 2 7 72 54 4 
263688: 65 76 8 2 127 5 3 
34826527085: 8 9 9 2 7 9 1 1 801 2 59 8 
4006545: 446 212 835 7 42 
40606909: 3 3 7 95 49 8 8 3 829 
179784737: 6 193 76 9 736 
103839: 210 8 6 208 8 87 1 5 4 
3398589: 9 1 18 5 41 157 48 10 6 
12702854517: 33 8 6 428 48 55 62 1 
1916745: 4 776 69 917 35 953 
16871276342: 863 6 644 2 2 6 5 3 606 
4301908: 74 58 9 878 30 
66663: 66 110 1 8 3 539 
168959727: 129 5 81 362 58 90 43 
3252950453: 7 208 6 890 18 25 3 
188632637: 314 38 770 6 7 3 4 
912636066: 1 32 6 9 7 8 88 97 54 16 
1622: 6 15 2 451 960 
252690189: 9 7 45 1 256 6 77 205 8 
222096608: 56 6 510 2 33 4 5 
139398: 80 6 53 386 9 
518176: 6 71 7 914 76 
131759: 200 9 63 1 88 
6002565488: 1 33 645 6 47 195 486 
188888: 3 6 355 2 5 1 4 92 3 4 56 
1214052: 4 8 133 31 718 
854: 8 8 195 3 5 
240671: 1 5 225 667 5 
1511739: 1 22 5 901 739 
3255992449: 82 261 82 18 947 
2092627: 22 35 640 4 5 2 7 3 7 
154193: 191 9 2 77 39 
240521544: 463 738 1 3 2 6 147 7 1 
8258090: 81 8 4 3 716 4 5 4 4 877 
6524446204: 7 1 8 8 76 4 44 615 5 4 
16586695: 909 749 4 2 69 5 
41869915: 410 5 34 83 6 34 3 75 
1527369: 841 686 277 8 85 
4367857: 3 4 653 8 9 1 2 8 7 515 1 
18038316: 52 86 237 519 13 3 34 
99055: 948 71 97 3 205 3 
2671500369: 68 5 75 4 65 2 3 70 
1121982660: 8 6 2 53 7 727 9 2 5 5 3 4 
286705: 724 251 147 2 52 
73447292: 734 4 656 5 729 
201484327: 53 38 58 26 326 
110639: 1 783 319 4 38 
34072231: 2 16 1 4 9 2 652 7 97 4 8 
208967493: 94 8 512 4 71 48 5 9 
18402386: 232 2 988 940 78 
88451: 54 1 384 34 187 3 1 
302591: 21 4 8 7 1 374 91 
7192718: 29 6 8 144 58 38 916 1 
478056832: 5 5 3 4 659 8 8 9 3 7 2 32 
1187174: 148 9 6 2 126 
33326462472: 127 2 262 546 78 72 
5149482: 74 30 77 9 490 
41876787: 797 8 310 52 664 
197453704737: 98 687 52 21 6 94 91 
1279619816: 2 32 55 3 783 7 3 96 3 5 
1059491794: 6 1 22 6 14 3 7 3 9 7 91 
82796537: 1 8 1 6 3 3 306 4 1 5 643 
668: 8 73 61 7 14 
517900: 259 4 85 7 66 
444473008: 7 92 8 20 5 4 3 8 1 74 7 1 
20019226: 9 5 4 45 1 4 4 7 3 9 481 6 
6086155955: 7 38 9 685 814 5 3 
7875331: 97 279 291 
39847: 45 212 155 7 7 
180858154: 603 98 6 5 86 67 90 
133941: 2 6 73 19 98 26 3 8 3 8 
488424846: 4 5 60 5 37 75 3 33 
262850772: 1 9 1 6 1 6 585 3 4 5 395 
80943398: 3 887 293 239 3 1 845 
478106902: 56 900 2 5 2 4 6 2 3 2 5 3 
60812076: 83 15 57 423 72 207 9 
3950250: 5 96 46 7 750 
51674: 4 463 49 73 
766839727: 22 1 5 59 218 68 3 727 
404736298: 3 89 866 5 508 
14471: 56 85 3 7 1 
534247788: 2 4 243 9 3 3 8 6 813 9 5 
840608: 20 42 51 9 7 
5706186885: 21 6 5 17 5 5 4 8 5 5 87 
1419464852: 4 61 6 1 2 2 8 81 4 949 2 
46943362: 6 814 8 47 47 6 2 
21036672: 23 8 5 606 6 88 878 96 
54308163716: 332 791 47 48 44 2 4 
8188434: 5 6 6 330 1 4 429 5 101 
534147283: 661 808 8 584 80 
3505519351: 130 802 96 268 21 
8667304436: 1 8 801 461 36 7 4 26 8 
3668788: 6 7 2 9 6 3 9 6 9 50 786 
3810070547: 81 4 8 367 2 74 56 1 
177673: 7 4 240 7 6 
564439116: 5 7 489 1 63 4 2 1 9 11 3 
314357754081: 8 93 7 411 943 852 40 
360644234: 891 216 97 651 5 
5700339: 5 693 45 689 1 
12851840701: 2 3 3 367 5 4 8 1 6 85 8 8 
583379075232: 720 221 81 3 8 27 232 
234787: 6 1 2 3 3 88 195 6 1 3 1 7 
1561994: 40 152 6 25 7 996 
570419: 30 54 248 314 883 
4746195762: 6 4 3 73 1 23 915 5 7 5 3 
2594272537: 9 249 1 361 63 3 253 5 
11376: 99 24 8 782 662 
15552279095: 8 40 972 4 44 7 8 1 5 9 2 
8882: 6 16 659 112 21 2 
18236: 1 1 9 975 683 
307314: 626 3 49 1 430 
20075924: 935 7 2 7 24 5 51 9 3 3 
382900981062: 68 6 8 825 35 566 59 
648: 63 8 2 6 5 
196863812: 38 993 4 612 7 78 
86634399403: 855 11 343 16 83 401 
854404: 20 1 613 2 434 502 3 
37342063: 511 534 73 78 
136525: 8 40 69 7 28 
911101433: 8 133 9 9 56 4 6 9 1 2 2 7 
885660525: 46 5 7 98 74 66 194 8 2 
45892311291: 845 162 27 543 8 25 
8380066972: 62 9 298 86 2 73 69 1 
16857174: 8 2 4 64 2 2 1 701 7 9 4 
911186: 18 34 4 3 379 915 29 3 
1306308: 46 19 2 6 309 
1084857: 2 50 3 80 420 
16601636: 4 8 92 3 249 8 1 630 6 
230173: 827 76 28 291 9 
3823537: 284 98 3 537 
1352: 70 1 80 9 
79075317: 2 5 907 5 232 88 
287342: 7 7 85 8 4 3 38 4 4 78 
75629: 9 74 91 5 6 41 
64846479167: 1 38 5 91 5 548 3 9 985 
17854211: 91 8 75 327 8 
5339: 43 7 4 962 
485460733: 610 260 558 721 12 
44129553: 1 3 5 992 6 9 7 7 4 8 3 3 
722718109: 7 49 727 44 5 979 729 
1799107: 17 972 9 95 910 
245773680: 74 84 45 865 328 
502208: 28 18 6 1 3 9 944 
17371738: 7 8 3 268 1 8 9 1 523 4 
82069: 1 80 58 6 482 
427450: 89 7 9 7 44 5 538 8 228 
227405: 53 326 3 20 3 
235299607: 8 2 8 4 3 6 4 2 7 1 540 8 
490175645: 364 7 1 4 8 8 2 241 7 2 3 
835915107977: 971 994 86 26 797 8 1 
5884964: 1 8 6 2 6 488 7 7 7 5 61 
318710669: 5 5 1 5 314 1 7 3 28 468 
59: 8 4 2 8 8 2 
2811024666: 10 24 7 813 898 9 
1333880907: 6 47 473 2 10 910 
20321002: 762 6 5 8 577 26 
1299872160: 3 45 8 664 185 4 31 
191711: 778 528 84 527 11 
352: 70 11 7 79 183 
712265: 16 874 30 3 8 
141215995: 27 397 6 982 15 1 994 
6137780: 996 6 17 3 87 6 5 553 
4898: 98 4 4 956 6 
158190697436: 87 8 5 3 3 9 2 6 93 4 435 
71485491: 8 5 2 627 85 4 74 6 5 3 2 
324356356: 7 8 6 2 3 587 36 3 4 7 5 6 
21310: 59 38 93 7 26 9 
5146656374: 9 3 1 95 46 3 6 156 583 
217008: 1 25 69 5 370 5 2 54 
4140: 99 270 4 7 406 
9122475107: 7 8 937 5 7 8 55 2 649 8 
92524836: 871 44 27 997 833 
1885846089378: 43 855 21 460 893 78 
4972838478: 62 159 51 8 40 736 78 
9444670: 943 428 963 4 755 
143451: 42 110 3 40 9 93 7 
59975991: 2 737 7 5 2 9 2 2 8 9 9 9 
4712167: 37 61 17 8 3 4 2 
528769: 65 713 1 95 605 
158899: 9 73 76 899 
6555444948: 46 7 8 3 5 8 9 56 28 9 45 
225346: 56 3 635 6 554 
26839: 4 5 259 40 
142834138347: 253 9 33 784 79 9 5 8 2 
2215710294: 443 5 683 27 294 
7581185: 1 14 4 95 2 45 696 182 
606225: 5 2 4 1 5 5 177 287 4 4 8 
154971: 87 5 2 92 15 4 7 75 96 2 
35044644: 80 438 3 43 45 
678586: 9 18 6 7 5 50 41 806 4 
138236449814: 67 2 69 23 6 446 3 816 
379915351797: 87 687 738 87 392 99 
194180612: 275 9 8 7 95 612 
8334: 1 4 4 9 4 9 994 790 
127343: 4 37 3 60 363 6 6 99 
96123936: 480 61 67 28 5 2 27 
7487302: 39 195 653 49 3 
1263771: 970 293 102 662 7 
9709: 7 136 6 2 178 
37623264374: 440 13 4 246 5 347 77 
364224862: 76 8 5 6 66 9 731 8 58 
4051741742: 404 6 5 741 73 6 9 
436755751: 60 13 919 631 63 
160976773: 91 196 50 3 9 7 3 
12290852684: 569 4 6 42 96 733 1 7 9 
3347214: 333 5 8 66 355 4 
1905: 1 9 1 26 4 239 725 1 1 1 
310388827: 4 124 32 56 42 88 
301782: 301 24 6 458 81 
18887792: 8 7 3 2 20 1 206 1 7 8 3 8 
1145415600: 73 977 278 4 981 2 
7741: 12 645 2 2 1 
446832061: 291 30 48 290 62 
179628814: 2 452 105 2 340 32 7 9 
334470: 9 7 3 7 5 3 7 5 41 178 5 
8835139819: 66 130 255 139 818 
13022118: 58 6 6 2 1 9 1 210 3 5 9 
804888: 6 8 373 2 28 
1740000370: 7 6 9 5 1 15 50 8 5 368 
536777943: 7 567 17 76 8 3 828 55 
173408: 86 647 35 2 43 
90033: 900 24 2 6 3 
